True Cost 	Penalty 	Adjusted Cost
-4.248580E-01	0.000000E+00	-4.248580E-01
-3.967290E-01	0.000000E+00	-3.967290E-01
-4.677960E-01	0.000000E+00	-4.677960E-01
-2.108030E-01	0.000000E+00	-2.108030E-01
-5.285010E-01	0.000000E+00	-5.285010E-01
-5.654020E-01	0.000000E+00	-5.654020E-01
-5.901250E-01	0.000000E+00	-5.901250E-01
-6.226960E-01	0.000000E+00	-6.226960E-01
-5.931330E-01	0.000000E+00	-5.931330E-01
-5.829090E-01	0.000000E+00	-5.829090E-01
-5.946560E-01	0.000000E+00	-5.946560E-01
-6.122460E-01	0.000000E+00	-6.122460E-01
-5.947870E-01	0.000000E+00	-5.947870E-01
-6.002500E-01	0.000000E+00	-6.002500E-01
-5.941570E-01	0.000000E+00	-5.941570E-01
-6.030040E-01	0.000000E+00	-6.030040E-01
-4.193590E-01	0.000000E+00	-4.193590E-01
-4.230140E-01	0.000000E+00	-4.230140E-01
-4.178300E-01	0.000000E+00	-4.178300E-01
-2.808060E-01	0.000000E+00	-2.808060E-01
-5.992190E-01	0.000000E+00	-5.992190E-01
-6.235990E-01	0.000000E+00	-6.235990E-01
-6.197580E-01	0.000000E+00	-6.197580E-01
-6.228300E-01	0.000000E+00	-6.228300E-01
-6.106260E-01	0.000000E+00	-6.106260E-01
-6.101750E-01	0.000000E+00	-6.101750E-01
-6.198710E-01	0.000000E+00	-6.198710E-01
-6.187240E-01	0.000000E+00	-6.187240E-01
-5.994180E-01	0.000000E+00	-5.994180E-01
-5.650330E-01	0.000000E+00	-5.650330E-01
-5.424540E-01	0.000000E+00	-5.424540E-01
5.402420E-01	0.000000E+00	5.402420E-01
-6.201320E-01	0.000000E+00	-6.201320E-01
-6.033330E-01	0.000000E+00	-6.033330E-01
-5.350640E-01	0.000000E+00	-5.350640E-01
-5.246420E-01	0.000000E+00	-5.246420E-01
-5.484590E-01	0.000000E+00	-5.484590E-01
-6.033330E-01	0.000000E+00	-6.033330E-01
-6.029250E-01	0.000000E+00	-6.029250E-01
-6.033330E-01	0.000000E+00	-6.033330E-01
-6.032580E-01	0.000000E+00	-6.032580E-01
-6.032580E-01	0.000000E+00	-6.032580E-01
-6.000230E-01	0.000000E+00	-6.000230E-01
-5.294570E-01	0.000000E+00	-5.294570E-01
-6.030180E-01	0.000000E+00	-6.030180E-01
-5.946350E-01	0.000000E+00	-5.946350E-01
-6.198600E-01	0.000000E+00	-6.198600E-01
-6.004630E-01	0.000000E+00	-6.004630E-01
-6.198670E-01	0.000000E+00	-6.198670E-01
-6.156490E-01	0.000000E+00	-6.156490E-01
-5.472030E-01	0.000000E+00	-5.472030E-01
-5.967120E-01	0.000000E+00	-5.967120E-01
-6.195580E-01	0.000000E+00	-6.195580E-01
-6.199870E-01	0.000000E+00	-6.199870E-01
-6.201420E-01	0.000000E+00	-6.201420E-01
-6.255350E-01	0.000000E+00	-6.255350E-01
-6.255090E-01	0.000000E+00	-6.255090E-01
-6.219520E-01	0.000000E+00	-6.219520E-01
-6.248570E-01	0.000000E+00	-6.248570E-01
-6.246140E-01	0.000000E+00	-6.246140E-01
-6.244430E-01	0.000000E+00	-6.244430E-01
-6.177020E-01	0.000000E+00	-6.177020E-01
-6.315440E-01	0.000000E+00	-6.315440E-01
-5.826940E-01	0.000000E+00	-5.826940E-01
-6.312730E-01	0.000000E+00	-6.312730E-01
-6.086510E-01	0.000000E+00	-6.086510E-01
-6.089400E-01	0.000000E+00	-6.089400E-01
-6.085220E-01	0.000000E+00	-6.085220E-01
-6.085220E-01	0.000000E+00	-6.085220E-01
-5.690090E-01	0.000000E+00	-5.690090E-01
-6.100990E-01	0.000000E+00	-6.100990E-01
-6.110870E-01	0.000000E+00	-6.110870E-01
-6.111490E-01	0.000000E+00	-6.111490E-01
-6.110930E-01	0.000000E+00	-6.110930E-01
-6.056260E-01	0.000000E+00	-6.056260E-01
-6.086950E-01	0.000000E+00	-6.086950E-01
-6.110610E-01	0.000000E+00	-6.110610E-01
-6.109790E-01	0.000000E+00	-6.109790E-01
-6.074050E-01	0.000000E+00	-6.074050E-01
-6.109880E-01	0.000000E+00	-6.109880E-01
-6.131320E-01	0.000000E+00	-6.131320E-01
-6.163630E-01	0.000000E+00	-6.163630E-01
-6.179950E-01	0.000000E+00	-6.179950E-01
-6.053730E-01	0.000000E+00	-6.053730E-01
-6.152890E-01	0.000000E+00	-6.152890E-01
-6.152880E-01	0.000000E+00	-6.152880E-01
-6.056320E-01	0.000000E+00	-6.056320E-01
-6.107330E-01	0.000000E+00	-6.107330E-01
-6.099180E-01	0.000000E+00	-6.099180E-01
-6.238390E-01	0.000000E+00	-6.238390E-01
-6.193180E-01	0.000000E+00	-6.193180E-01
-6.197980E-01	0.000000E+00	-6.197980E-01
-6.128480E-01	0.000000E+00	-6.128480E-01
-6.139660E-01	0.000000E+00	-6.139660E-01
-6.041410E-01	0.000000E+00	-6.041410E-01
-6.326130E-01	0.000000E+00	-6.326130E-01
-6.298970E-01	0.000000E+00	-6.298970E-01
-6.244410E-01	0.000000E+00	-6.244410E-01
-6.298520E-01	0.000000E+00	-6.298520E-01
-6.303660E-01	0.000000E+00	-6.303660E-01
-6.273250E-01	0.000000E+00	-6.273250E-01
-6.339430E-01	0.000000E+00	-6.339430E-01
-6.274420E-01	0.000000E+00	-6.274420E-01
-5.948440E-01	0.000000E+00	-5.948440E-01
-6.333550E-01	0.000000E+00	-6.333550E-01
-6.343790E-01	0.000000E+00	-6.343790E-01
-6.343790E-01	0.000000E+00	-6.343790E-01
-5.087950E-01	0.000000E+00	-5.087950E-01
-6.259250E-01	0.000000E+00	-6.259250E-01
-6.241900E-01	0.000000E+00	-6.241900E-01
-6.260780E-01	0.000000E+00	-6.260780E-01
-6.285820E-01	0.000000E+00	-6.285820E-01
-6.331520E-01	0.000000E+00	-6.331520E-01
-6.258610E-01	0.000000E+00	-6.258610E-01
-6.248990E-01	0.000000E+00	-6.248990E-01
-6.351150E-01	0.000000E+00	-6.351150E-01
-6.351690E-01	0.000000E+00	-6.351690E-01
-6.351690E-01	0.000000E+00	-6.351690E-01
-6.235200E-01	0.000000E+00	-6.235200E-01
-6.395550E-01	0.000000E+00	-6.395550E-01
-6.374830E-01	0.000000E+00	-6.374830E-01
-6.030220E-01	0.000000E+00	-6.030220E-01
-6.403800E-01	0.000000E+00	-6.403800E-01
-6.424110E-01	0.000000E+00	-6.424110E-01
-6.424530E-01	0.000000E+00	-6.424530E-01
-6.364550E-01	0.000000E+00	-6.364550E-01
-6.364500E-01	0.000000E+00	-6.364500E-01
-6.238890E-01	0.000000E+00	-6.238890E-01
-6.329250E-01	0.000000E+00	-6.329250E-01
-6.025960E-01	0.000000E+00	-6.025960E-01
-6.353310E-01	0.000000E+00	-6.353310E-01
-5.807350E-01	0.000000E+00	-5.807350E-01
-6.379260E-01	0.000000E+00	-6.379260E-01
-6.256700E-01	0.000000E+00	-6.256700E-01
-6.465840E-01	0.000000E+00	-6.465840E-01
-6.404740E-01	0.000000E+00	-6.404740E-01
-6.465840E-01	0.000000E+00	-6.465840E-01
-6.370040E-01	0.000000E+00	-6.370040E-01
-6.286840E-01	0.000000E+00	-6.286840E-01
-6.329450E-01	0.000000E+00	-6.329450E-01
-6.397840E-01	0.000000E+00	-6.397840E-01
-5.274160E-01	0.000000E+00	-5.274160E-01
-6.397940E-01	0.000000E+00	-6.397940E-01
-5.810590E-01	0.000000E+00	-5.810590E-01
-5.814810E-01	0.000000E+00	-5.814810E-01
-5.954920E-01	0.000000E+00	-5.954920E-01
-5.745800E-01	0.000000E+00	-5.745800E-01
-5.814780E-01	0.000000E+00	-5.814780E-01
-5.817020E-01	0.000000E+00	-5.817020E-01
-5.817170E-01	0.000000E+00	-5.817170E-01
-5.816970E-01	0.000000E+00	-5.816970E-01
-6.409960E-01	0.000000E+00	-6.409960E-01
-5.180770E-01	0.000000E+00	-5.180770E-01
-6.268870E-01	0.000000E+00	-6.268870E-01
-6.339510E-01	0.000000E+00	-6.339510E-01
-6.455370E-01	0.000000E+00	-6.455370E-01
-6.431510E-01	0.000000E+00	-6.431510E-01
-6.433490E-01	0.000000E+00	-6.433490E-01
-6.433490E-01	0.000000E+00	-6.433490E-01
-4.567030E-01	0.000000E+00	-4.567030E-01
-6.313340E-01	0.000000E+00	-6.313340E-01
-6.433490E-01	0.000000E+00	-6.433490E-01
-6.310200E-01	0.000000E+00	-6.310200E-01
-5.886740E-01	0.000000E+00	-5.886740E-01
-6.310200E-01	0.000000E+00	-6.310200E-01
-6.233610E-01	0.000000E+00	-6.233610E-01
-6.310240E-01	0.000000E+00	-6.310240E-01
-6.310240E-01	0.000000E+00	-6.310240E-01
-6.123250E-01	0.000000E+00	-6.123250E-01
-6.236380E-01	0.000000E+00	-6.236380E-01
-6.213350E-01	0.000000E+00	-6.213350E-01
-6.439700E-01	0.000000E+00	-6.439700E-01
-6.266090E-01	0.000000E+00	-6.266090E-01
-6.317120E-01	0.000000E+00	-6.317120E-01
-6.375950E-01	0.000000E+00	-6.375950E-01
-6.439770E-01	0.000000E+00	-6.439770E-01
-5.521180E-01	0.000000E+00	-5.521180E-01
-5.528350E-01	0.000000E+00	-5.528350E-01
-5.519840E-01	0.000000E+00	-5.519840E-01
-5.487850E-01	0.000000E+00	-5.487850E-01
-5.529710E-01	0.000000E+00	-5.529710E-01
-6.417160E-01	0.000000E+00	-6.417160E-01
-4.644750E-01	0.000000E+00	-4.644750E-01
-5.528780E-01	0.000000E+00	-5.528780E-01
-4.879320E-01	0.000000E+00	-4.879320E-01
-5.529070E-01	0.000000E+00	-5.529070E-01
-5.890780E-01	0.000000E+00	-5.890780E-01
-6.278480E-01	0.000000E+00	-6.278480E-01
-5.518980E-01	0.000000E+00	-5.518980E-01
-5.461790E-01	0.000000E+00	-5.461790E-01
-2.710580E-01	0.000000E+00	-2.710580E-01
-5.528830E-01	0.000000E+00	-5.528830E-01
-5.165980E-01	0.000000E+00	-5.165980E-01
-5.527680E-01	0.000000E+00	-5.527680E-01
-5.482740E-01	0.000000E+00	-5.482740E-01
-4.470020E-01	0.000000E+00	-4.470020E-01
-5.520190E-01	0.000000E+00	-5.520190E-01
-5.456120E-01	0.000000E+00	-5.456120E-01
-4.917660E-01	0.000000E+00	-4.917660E-01
-4.917710E-01	0.000000E+00	-4.917710E-01
