Run   NSE           RMSE          KGE           AbsPBIAS      par_POROSITY  par_HBV_BETA  par_FAST_BASEFLOW  par_MAX_PERC  par_MELT      par_SLOW_BASEFLOW  
1     1.537590E-01  1.489170E+01  4.248580E-01  2.526760E+01  8.436855E-02  6.070112E+00  2.504375E-01  4.161104E+01  2.921263E+00  5.232854E-02  
2     -4.895460E-03  1.622770E+01  3.967290E-01  4.097980E+01  2.300543E-01  5.421962E+00  3.201100E-01  1.928244E+01  6.361159E+00  9.045487E-02  
3     1.936590E-01  1.453640E+01  4.677960E-01  3.822780E+01  2.451069E-01  9.623291E-01  6.689072E-01  2.537917E+01  6.856321E+00  1.747912E-01  
4     -9.251800E-01  2.246120E+01  2.108030E-01  1.518310E+01  8.995507E-02  3.107939E+00  5.619203E-01  6.317408E+00  6.630083E+00  1.101823E-01  
5     1.831080E-01  1.463120E+01  5.285010E-01  2.741890E+01  1.381093E-01  3.576252E+00  5.562575E-01  7.332007E+01  5.312631E+00  1.317552E-01  
6     1.829320E-01  1.463280E+01  5.654020E-01  2.208210E+01  1.135155E-01  4.693167E+00  7.427440E-01  5.492934E+01  4.940296E+00  1.433716E-01  
7     1.161160E-01  1.521930E+01  5.901250E-01  7.237700E+00  5.038815E-02  4.389160E+00  7.409578E-01  2.861635E+01  2.825727E+00  1.499857E-01  
8     1.984130E-01  1.449350E+01  6.226960E-01  7.646640E+00  5.038815E-02  4.648114E+00  6.146901E-01  5.070167E+01  5.182417E+00  1.499857E-01  
9     1.328760E-01  1.507430E+01  5.931330E-01  4.941460E+00  5.038815E-02  7.000000E+00  3.772124E-01  6.604696E+01  4.804317E+00  2.000000E-01  
10    1.393060E-01  1.501830E+01  5.829090E-01  1.297040E+01  8.276193E-02  6.817767E+00  1.835785E-01  5.525565E+01  4.804317E+00  2.000000E-01  
11    1.401420E-01  1.501100E+01  5.946560E-01  5.104870E+00  5.038815E-02  7.000000E+00  3.772124E-01  6.362177E+01  6.533605E+00  2.000000E-01  
12    1.965180E-01  1.451060E+01  6.122460E-01  1.192840E+01  6.689840E-02  6.538981E+00  3.772124E-01  8.000000E+01  9.206797E+00  1.562739E-01  
13    1.404870E-01  1.500800E+01  5.947870E-01  5.104140E+00  5.038815E-02  7.000000E+00  3.772124E-01  6.429785E+01  6.533605E+00  2.000000E-01  
14    2.011980E-01  1.446830E+01  6.002500E-01  1.631010E+01  8.988699E-02  7.000000E+00  1.204147E-01  5.747872E+01  6.533605E+00  1.641183E-01  
15    1.812140E-01  1.464810E+01  5.941570E-01  1.568990E+01  8.988699E-02  7.000000E+00  1.183694E-01  7.520388E+01  8.277401E+00  1.796747E-01  
16    2.094330E-01  1.439350E+01  6.030040E-01  1.638890E+01  8.988699E-02  5.634687E+00  7.378263E-02  8.000000E+01  7.591954E+00  1.641183E-01  
17    2.105770E-01  1.438310E+01  4.193590E-01  2.787940E+01  9.741173E-02  5.634687E+00  6.104245E-02  8.000000E+01  9.457453E+00  5.303784E-02  
18    2.252490E-01  1.424880E+01  4.230140E-01  2.232230E+01  6.062966E-02  5.634687E+00  6.104245E-02  8.000000E+01  9.137806E+00  4.530068E-02  
19    2.219670E-01  1.427890E+01  4.178300E-01  2.334410E+01  6.547016E-02  6.141076E+00  6.104245E-02  8.000000E+01  9.109774E+00  4.530068E-02  
20    1.649380E-01  1.479300E+01  2.808060E-01  2.905620E+01  6.062966E-02  4.035627E+00  5.425598E-02  7.984090E+01  9.137806E+00  2.750131E-02  
21    1.990640E-01  1.448760E+01  5.992190E-01  1.637320E+01  8.988699E-02  5.634687E+00  2.590934E-01  5.251520E+01  7.591954E+00  1.641183E-01  
22    1.986700E-01  1.449110E+01  6.235990E-01  6.920070E+00  5.000000E-02  3.963824E+00  1.204147E-01  7.669586E+01  7.167980E+00  1.648475E-01  
23    1.882970E-01  1.458460E+01  6.197580E-01  6.769510E+00  5.000000E-02  3.963824E+00  1.149071E-01  7.337929E+01  5.569457E+00  1.648475E-01  
24    2.203170E-01  1.429410E+01  6.228300E-01  9.100790E+00  5.000000E-02  3.835014E+00  2.000000E-02  5.943650E+01  5.569457E+00  1.285270E-01  
25    2.311910E-01  1.419400E+01  6.106260E-01  1.061450E+01  5.000000E-02  3.835014E+00  2.000000E-02  6.839897E+01  5.680830E+00  1.092959E-01  
26    2.311860E-01  1.419410E+01  6.101750E-01  1.057870E+01  5.000000E-02  2.361832E+00  2.000000E-02  6.839897E+01  5.680830E+00  1.092959E-01  
27    2.563100E-01  1.396020E+01  6.198710E-01  1.075420E+01  5.000000E-02  2.361832E+00  2.000000E-02  6.839897E+01  7.408497E+00  1.092959E-01  
28    2.534570E-01  1.398700E+01  6.187240E-01  1.074640E+01  5.000000E-02  2.361832E+00  2.000000E-02  7.086074E+01  7.021607E+00  1.092959E-01  
29    2.517280E-01  1.400320E+01  5.994180E-01  1.610300E+01  7.183015E-02  2.361832E+00  4.786999E-02  7.086074E+01  7.021607E+00  1.100388E-01  
30    2.398540E-01  1.411380E+01  5.650330E-01  2.206260E+01  9.968663E-02  2.361832E+00  2.000000E-02  7.086074E+01  6.824426E+00  1.092959E-01  
31    2.040710E-01  1.444220E+01  5.424540E-01  2.364140E+01  1.084096E-01  2.361832E+00  2.000000E-02  7.086074E+01  5.355273E+00  1.092959E-01  
32    -3.164990E-01  1.857410E+01  -5.402420E-01  9.117900E+01  8.366000E-02  2.361832E+00  2.000000E-02  7.086074E+01  7.021607E+00  1.000000E-03  
33    2.554390E-01  1.396840E+01  6.201320E-01  1.077510E+01  5.000000E-02  4.537318E+00  2.000000E-02  7.086074E+01  7.301971E+00  1.092959E-01  
34    2.591140E-01  1.393390E+01  6.033330E-01  1.197970E+01  5.000000E-02  4.537318E+00  4.606930E-02  7.086074E+01  7.301971E+00  9.615379E-02  
35    2.299050E-01  1.420590E+01  5.350640E-01  2.456100E+01  1.074961E-01  4.527273E+00  4.346436E-01  7.086074E+01  7.301971E+00  9.615379E-02  
36    2.220390E-01  1.427830E+01  5.246420E-01  2.604420E+01  1.162265E-01  7.000000E+00  4.606930E-02  8.000000E+01  7.301971E+00  9.615379E-02  
37    1.873300E-01  1.459330E+01  5.484590E-01  1.846560E+01  7.826850E-02  3.243350E+00  4.606930E-02  7.086074E+01  4.463144E+00  9.615379E-02  
38    2.591140E-01  1.393390E+01  6.033330E-01  1.197970E+01  5.000000E-02  4.537318E+00  1.354714E-01  7.086074E+01  7.301971E+00  9.615379E-02  
39    2.587520E-01  1.393730E+01  6.029250E-01  1.199890E+01  5.000000E-02  3.808698E+00  1.354714E-01  7.003597E+01  7.301971E+00  9.615379E-02  
40    2.591140E-01  1.393390E+01  6.033330E-01  1.197970E+01  5.000000E-02  4.537318E+00  1.972208E-01  7.086074E+01  7.301971E+00  9.615379E-02  
41    2.613210E-01  1.391310E+01  6.032580E-01  1.209870E+01  5.000000E-02  4.537318E+00  1.972208E-01  7.086074E+01  9.482145E+00  9.615379E-02  
42    2.613210E-01  1.391310E+01  6.032580E-01  1.209870E+01  5.000000E-02  4.537318E+00  1.972208E-01  7.086074E+01  9.482145E+00  9.615379E-02  
43    2.617500E-01  1.390910E+01  6.000230E-01  1.309250E+01  5.371832E-02  4.537318E+00  1.972208E-01  7.086074E+01  9.482145E+00  9.615379E-02  
44    2.370280E-01  1.414010E+01  5.294570E-01  2.555620E+01  1.111814E-01  3.381742E+00  3.328148E-02  7.086074E+01  9.482145E+00  9.615379E-02  
45    2.611550E-01  1.391470E+01  6.030180E-01  1.210750E+01  5.000000E-02  3.906677E+00  1.972208E-01  7.086074E+01  9.482145E+00  9.615379E-02  
46    2.614580E-01  1.391180E+01  5.946350E-01  1.456010E+01  5.937778E-02  4.537318E+00  1.972208E-01  7.086074E+01  9.482145E+00  9.615379E-02  
47    2.203630E-01  1.429360E+01  6.198600E-01  1.059890E+01  5.524843E-02  4.537318E+00  1.972208E-01  7.086074E+01  1.000000E+01  1.317670E-01  
48    2.281560E-01  1.422200E+01  6.004630E-01  1.697070E+01  8.264946E-02  4.537318E+00  1.972208E-01  7.086074E+01  1.000000E+01  1.313800E-01  
49    2.208480E-01  1.428920E+01  6.198670E-01  1.061570E+01  5.524843E-02  3.651472E+00  1.972208E-01  7.086074E+01  1.000000E+01  1.317670E-01  
50    2.423410E-01  1.409070E+01  6.156490E-01  1.184900E+01  5.524843E-02  3.651472E+00  3.721005E-01  6.920324E+01  1.000000E+01  1.156268E-01  
51    2.092920E-01  1.439480E+01  5.472030E-01  2.576520E+01  1.266381E-01  3.651472E+00  1.972208E-01  7.086074E+01  1.000000E+01  1.317670E-01  
52    1.338520E-01  1.506580E+01  5.967120E-01  7.377020E+00  5.524843E-02  1.710788E+00  1.972208E-01  7.086074E+01  1.000000E+01  1.798732E-01  
53    2.186290E-01  1.430950E+01  6.195580E-01  1.061120E+01  5.524843E-02  3.651472E+00  9.056813E-02  5.925793E+01  1.000000E+01  1.317670E-01  
54    2.199840E-01  1.429710E+01  6.199870E-01  1.057420E+01  5.524843E-02  5.999709E+00  1.972208E-01  7.086074E+01  1.000000E+01  1.317670E-01  
55    2.213110E-01  1.428500E+01  6.201420E-01  1.061570E+01  5.524843E-02  3.651472E+00  1.972208E-01  6.673037E+01  9.998523E+00  1.317670E-01  
56    2.332670E-01  1.417490E+01  6.255350E-01  1.059030E+01  5.524843E-02  3.651472E+00  1.972208E-01  6.673037E+01  8.968709E+00  1.317670E-01  
57    2.330730E-01  1.417670E+01  6.255090E-01  1.058980E+01  5.524843E-02  3.651472E+00  2.708435E-01  6.673037E+01  8.968709E+00  1.317670E-01  
58    2.064280E-01  1.442080E+01  6.219520E-01  9.389370E+00  5.524843E-02  3.651472E+00  2.708435E-01  7.287761E+01  9.058677E+00  1.498877E-01  
59    2.089920E-01  1.439750E+01  6.248570E-01  8.679880E+00  5.524843E-02  3.651472E+00  2.708435E-01  6.673037E+01  7.518599E+00  1.600409E-01  
60    2.083850E-01  1.440300E+01  6.246140E-01  8.673800E+00  5.524843E-02  4.513659E+00  2.708435E-01  6.673037E+01  7.518599E+00  1.600409E-01  
61    2.087590E-01  1.439960E+01  6.244430E-01  8.830850E+00  5.583530E-02  4.513659E+00  2.708435E-01  7.185267E+01  7.518599E+00  1.600409E-01  
62    2.136370E-01  1.435520E+01  6.177020E-01  1.235640E+01  7.015115E-02  4.513659E+00  2.708435E-01  6.842800E+01  7.518599E+00  1.600409E-01  
63    2.421960E-01  1.409210E+01  6.315440E-01  9.213460E+00  5.000000E-02  3.149991E+00  2.708435E-01  6.673037E+01  7.518599E+00  1.290742E-01  
64    2.595970E-01  1.392940E+01  5.826940E-01  1.312950E+01  5.000000E-02  3.149991E+00  2.708435E-01  6.673037E+01  7.518599E+00  8.531108E-02  
65    2.432170E-01  1.408260E+01  6.312730E-01  9.295240E+00  5.000000E-02  3.149991E+00  2.708435E-01  6.673037E+01  7.518599E+00  1.279691E-01  
66    1.631170E-01  1.480910E+01  6.086510E-01  6.099930E+00  5.000000E-02  3.149991E+00  2.708435E-01  6.673037E+01  8.085268E+00  1.800292E-01  
67    1.614350E-01  1.482400E+01  6.089400E-01  5.507510E+00  5.000000E-02  1.051537E+00  2.708435E-01  6.673037E+01  8.673167E+00  1.800292E-01  
68    1.604390E-01  1.483280E+01  6.085220E-01  5.506470E+00  5.000000E-02  1.051537E+00  4.117681E-01  6.584885E+01  8.673167E+00  1.800292E-01  
69    1.604390E-01  1.483280E+01  6.085220E-01  5.506470E+00  5.000000E-02  1.051537E+00  4.117681E-01  6.584885E+01  8.673167E+00  1.800292E-01  
70    8.933960E-02  1.544810E+01  5.690090E-01  1.135310E+01  7.211734E-02  1.543554E+00  4.117681E-01  4.156267E+01  8.673167E+00  1.800292E-01  
71    1.700510E-01  1.474760E+01  6.100990E-01  7.238460E+00  5.640175E-02  1.051537E+00  5.412269E-01  6.584885E+01  8.673167E+00  1.800292E-01  
72    1.671640E-01  1.477330E+01  6.110870E-01  5.945170E+00  5.106787E-02  1.051537E+00  4.117681E-01  6.584885E+01  8.673167E+00  1.775432E-01  
73    1.673140E-01  1.477190E+01  6.111490E-01  5.945370E+00  5.106787E-02  1.051537E+00  3.147391E-01  6.584885E+01  8.673167E+00  1.775432E-01  
74    1.671780E-01  1.477310E+01  6.110930E-01  5.945190E+00  5.106787E-02  1.051537E+00  4.029631E-01  6.584885E+01  8.673167E+00  1.775432E-01  
75    1.544750E-01  1.488540E+01  6.056260E-01  5.934380E+00  5.106787E-02  1.051537E+00  4.640352E-01  5.755625E+01  8.673167E+00  1.775432E-01  
76    1.620810E-01  1.481830E+01  6.086950E-01  6.358400E+00  5.106787E-02  2.016258E+00  4.029631E-01  8.000000E+01  8.673167E+00  1.775432E-01  
77    1.671020E-01  1.477380E+01  6.110610E-01  5.945090E+00  5.106787E-02  1.051537E+00  4.512130E-01  6.584885E+01  8.673167E+00  1.775432E-01  
78    1.669070E-01  1.477560E+01  6.109790E-01  5.944740E+00  5.106787E-02  1.051537E+00  7.008154E-01  6.584885E+01  8.673167E+00  1.775432E-01  
79    1.588790E-01  1.484660E+01  6.074050E-01  5.723410E+00  5.106787E-02  1.051537E+00  7.008154E-01  6.584885E+01  8.673167E+00  1.814680E-01  
80    1.669280E-01  1.477540E+01  6.109880E-01  5.944800E+00  5.106787E-02  1.051537E+00  6.048533E-01  6.584885E+01  8.673167E+00  1.775432E-01  
81    1.719740E-01  1.473050E+01  6.131320E-01  5.950370E+00  5.106787E-02  1.051537E+00  6.048533E-01  7.991797E+01  8.673167E+00  1.775432E-01  
82    1.789000E-01  1.466880E+01  6.163630E-01  5.399460E+00  5.106787E-02  6.804042E-01  6.048533E-01  7.991797E+01  8.673167E+00  1.775432E-01  
83    1.904080E-01  1.456570E+01  6.179950E-01  7.648610E+00  5.961568E-02  6.804042E-01  6.048533E-01  7.991797E+01  8.673167E+00  1.775432E-01  
84    1.495310E-01  1.492880E+01  6.053730E-01  5.470950E+00  5.106787E-02  6.804042E-01  6.048533E-01  7.991797E+01  1.000000E+01  1.775432E-01  
85    1.764160E-01  1.469100E+01  6.152890E-01  5.396530E+00  5.106787E-02  6.804042E-01  6.048533E-01  6.904624E+01  8.673167E+00  1.775432E-01  
86    1.764160E-01  1.469100E+01  6.152880E-01  5.396530E+00  5.106787E-02  6.804042E-01  6.518837E-01  6.904624E+01  8.673167E+00  1.775432E-01  
87    1.502850E-01  1.492220E+01  6.056320E-01  5.467570E+00  5.106787E-02  6.804042E-01  6.048533E-01  6.904624E+01  9.967759E+00  1.775432E-01  
88    1.663570E-01  1.478040E+01  6.107330E-01  6.084380E+00  5.106787E-02  1.230118E+00  6.048533E-01  6.904624E+01  8.673167E+00  1.775432E-01  
89    1.644160E-01  1.479760E+01  6.099180E-01  6.147690E+00  5.106787E-02  1.340175E+00  6.048533E-01  6.904624E+01  8.673167E+00  1.775432E-01  
90    1.997410E-01  1.448150E+01  6.238390E-01  6.937330E+00  5.466601E-02  6.804042E-01  6.048533E-01  6.904624E+01  8.673167E+00  1.680171E-01  
91    1.887760E-01  1.458030E+01  6.193180E-01  6.580720E+00  5.466601E-02  6.804042E-01  6.048533E-01  6.904624E+01  8.673167E+00  1.738860E-01  
92    2.774540E-01  1.376040E+01  6.197980E-01  1.192270E+01  5.466601E-02  6.804042E-01  6.048533E-01  6.904624E+01  8.673167E+00  1.042346E-01  
93    2.637820E-01  1.388990E+01  6.128480E-01  1.247770E+01  5.466601E-02  1.844547E+00  6.048533E-01  6.904624E+01  8.673167E+00  1.042346E-01  
94    2.791160E-01  1.374450E+01  6.139660E-01  1.236550E+01  5.466601E-02  6.804042E-01  6.048533E-01  6.904624E+01  8.673167E+00  9.979534E-02  
95    2.803710E-01  1.373260E+01  6.041410E-01  1.302350E+01  5.466601E-02  6.804042E-01  6.048533E-01  6.904624E+01  8.673167E+00  9.363097E-02  
96    2.674620E-01  1.385520E+01  6.326130E-01  1.056000E+01  5.466601E-02  6.804042E-01  6.048533E-01  6.904624E+01  8.673167E+00  1.191393E-01  
97    2.696670E-01  1.383430E+01  6.298970E-01  1.168370E+01  5.897764E-02  6.804042E-01  6.048533E-01  6.904624E+01  8.673167E+00  1.191393E-01  
98    2.595320E-01  1.393000E+01  6.244410E-01  1.175100E+01  5.897764E-02  6.804042E-01  6.048533E-01  6.904624E+01  9.944398E+00  1.191393E-01  
99    2.697770E-01  1.383330E+01  6.298520E-01  1.168410E+01  5.897764E-02  6.804042E-01  6.048533E-01  7.020543E+01  8.673167E+00  1.191393E-01  
100   2.674100E-01  1.385570E+01  6.303660E-01  1.167700E+01  5.897764E-02  6.804042E-01  6.048533E-01  6.058862E+01  8.673167E+00  1.191393E-01  
101   2.725800E-01  1.380670E+01  6.273250E-01  1.200080E+01  5.897764E-02  6.804042E-01  6.048533E-01  7.020543E+01  8.673167E+00  1.154187E-01  
102   2.612230E-01  1.391410E+01  6.339430E-01  1.090630E+01  5.897764E-02  6.804042E-01  6.048533E-01  7.020543E+01  8.673167E+00  1.284162E-01  
103   2.477240E-01  1.404060E+01  6.274420E-01  1.096280E+01  5.897764E-02  6.804042E-01  6.048533E-01  7.020543E+01  1.000000E+01  1.284162E-01  
104   2.648120E-01  1.388020E+01  5.948440E-01  2.048930E+01  1.008829E-01  6.804042E-01  6.048533E-01  5.678254E+01  8.673167E+00  1.284162E-01  
105   2.568640E-01  1.395500E+01  6.333550E-01  1.089890E+01  5.897764E-02  6.804042E-01  6.048533E-01  5.974362E+01  8.673167E+00  1.284162E-01  
106   2.617590E-01  1.390900E+01  6.343790E-01  1.083480E+01  5.897764E-02  6.804042E-01  6.048533E-01  5.974362E+01  7.151002E+00  1.284162E-01  
107   2.617590E-01  1.390900E+01  6.343790E-01  1.083480E+01  5.897764E-02  6.804042E-01  5.951748E-01  5.974362E+01  7.151002E+00  1.284162E-01  
108   2.480810E-01  1.403730E+01  5.087950E-01  1.819130E+01  5.897764E-02  6.804042E-01  5.951748E-01  5.974362E+01  7.151002E+00  6.316340E-02  
109   2.459260E-01  1.405740E+01  6.259250E-01  1.162770E+01  5.897764E-02  2.179951E+00  5.951748E-01  5.974362E+01  7.151002E+00  1.284162E-01  
110   2.328480E-01  1.417870E+01  6.241900E-01  1.093000E+01  5.897764E-02  6.804042E-01  5.959379E-01  5.358166E+01  1.000000E+01  1.284162E-01  
111   2.463090E-01  1.405380E+01  6.260780E-01  1.160210E+01  5.897764E-02  1.989921E+00  5.951748E-01  5.974362E+01  7.151002E+00  1.284162E-01  
112   2.472780E-01  1.404480E+01  6.285820E-01  1.094580E+01  5.897764E-02  6.804042E-01  5.951748E-01  5.974362E+01  9.669128E+00  1.284162E-01  
113   2.636890E-01  1.389080E+01  6.331520E-01  1.105640E+01  5.897764E-02  6.804042E-01  5.951748E-01  5.974362E+01  7.151002E+00  1.256230E-01  
114   2.460040E-01  1.405660E+01  6.258610E-01  1.118750E+01  5.897764E-02  6.804042E-01  5.951748E-01  5.974362E+01  9.998640E+00  1.256230E-01  
115   2.667500E-01  1.386190E+01  6.248990E-01  1.374640E+01  7.005809E-02  6.804042E-01  5.951748E-01  5.974362E+01  7.151002E+00  1.256230E-01  
116   2.660810E-01  1.386820E+01  6.351150E-01  1.068220E+01  5.897764E-02  5.198627E-01  5.951748E-01  5.974362E+01  7.151002E+00  1.256230E-01  
117   2.669440E-01  1.386010E+01  6.351690E-01  1.068530E+01  5.897764E-02  5.198627E-01  5.951748E-01  7.759799E+01  7.151002E+00  1.256230E-01  
118   2.669440E-01  1.386010E+01  6.351690E-01  1.068530E+01  5.897764E-02  5.198627E-01  5.108424E-01  7.156484E+01  7.151002E+00  1.256230E-01  
119   2.703150E-01  1.382820E+01  6.235200E-01  1.426310E+01  7.361349E-02  5.198627E-01  5.108424E-01  7.156484E+01  7.151002E+00  1.256230E-01  
120   2.737580E-01  1.379550E+01  6.395550E-01  1.065610E+01  5.897764E-02  5.198627E-01  5.108424E-01  5.324238E+01  7.151002E+00  1.256230E-01  
121   2.681770E-01  1.384840E+01  6.374830E-01  1.057490E+01  5.897764E-02  5.198627E-01  5.108424E-01  5.324238E+01  6.700227E+00  1.256230E-01  
122   2.436210E-01  1.407880E+01  6.030220E-01  1.727420E+01  8.293157E-02  1.845400E+00  5.108424E-01  5.324238E+01  6.700227E+00  1.256230E-01  
123   2.664140E-01  1.386510E+01  6.403800E-01  9.313270E+00  5.406002E-02  5.198627E-01  5.108424E-01  5.324238E+01  6.700227E+00  1.256230E-01  
124   2.646930E-01  1.388130E+01  6.424110E-01  8.238340E+00  5.000000E-02  5.198627E-01  5.108424E-01  5.324238E+01  6.700227E+00  1.256230E-01  
125   2.647160E-01  1.388110E+01  6.424530E-01  8.238180E+00  5.000000E-02  5.198627E-01  7.691547E-01  5.324238E+01  6.700227E+00  1.256230E-01  
126   2.504780E-01  1.401490E+01  6.364550E-01  8.223340E+00  5.000000E-02  5.198627E-01  7.691547E-01  5.324238E+01  6.306130E+00  1.256230E-01  
127   2.504680E-01  1.401500E+01  6.364500E-01  8.223350E+00  5.000000E-02  5.198627E-01  6.931311E-01  5.324238E+01  6.306130E+00  1.256230E-01  
128   2.264460E-01  1.423780E+01  6.238890E-01  9.260520E+00  5.000000E-02  1.798894E+00  7.691547E-01  5.324238E+01  6.306130E+00  1.256230E-01  
129   2.444320E-01  1.407130E+01  6.329250E-01  8.615310E+00  5.000000E-02  7.051307E-01  7.691547E-01  5.324238E+01  6.306130E+00  1.256230E-01  
130   1.487290E-01  1.493590E+01  6.025960E-01  7.925660E+00  5.000000E-02  5.198627E-01  7.691547E-01  3.044334E+01  6.306130E+00  1.256230E-01  
131   2.479580E-01  1.403840E+01  6.353310E-01  8.198760E+00  5.000000E-02  5.198627E-01  7.691547E-01  5.324238E+01  6.111164E+00  1.256230E-01  
132   2.600750E-01  1.392490E+01  5.807350E-01  2.188060E+01  1.082939E-01  5.198627E-01  7.691547E-01  5.324238E+01  6.111164E+00  1.256230E-01  
133   2.514130E-01  1.400610E+01  6.379260E-01  8.172250E+00  5.000000E-02  5.198627E-01  7.691547E-01  4.873983E+01  6.111164E+00  1.256230E-01  
134   2.282190E-01  1.422150E+01  6.256700E-01  9.199530E+00  5.000000E-02  1.697352E+00  7.691547E-01  4.873983E+01  6.111164E+00  1.256230E-01  
135   2.720670E-01  1.381160E+01  6.465840E-01  8.261360E+00  5.000000E-02  5.198627E-01  7.691547E-01  4.873983E+01  6.943943E+00  1.256230E-01  
136   2.766230E-01  1.376830E+01  6.404740E-01  1.112180E+01  6.107544E-02  5.198627E-01  7.691547E-01  4.873983E+01  6.943943E+00  1.256230E-01  
137   2.720670E-01  1.381160E+01  6.465840E-01  8.261360E+00  5.000000E-02  5.198627E-01  7.691547E-01  4.873983E+01  6.943943E+00  1.256230E-01  
138   2.878750E-01  1.366080E+01  6.370040E-01  9.998210E+00  5.000000E-02  5.198627E-01  7.691547E-01  4.873983E+01  6.943943E+00  1.065504E-01  
139   2.892740E-01  1.364730E+01  6.286840E-01  1.262800E+01  6.015992E-02  5.198627E-01  7.691547E-01  4.873983E+01  6.943943E+00  1.065504E-01  
140   2.888380E-01  1.365150E+01  6.329450E-01  1.256740E+01  6.015992E-02  5.198627E-01  7.691547E-01  4.336185E+01  6.943943E+00  1.065504E-01  
141   2.779170E-01  1.375590E+01  6.397840E-01  1.138900E+01  6.015992E-02  5.198627E-01  7.691547E-01  4.336185E+01  6.943943E+00  1.191264E-01  
142   2.889130E-01  1.365080E+01  5.274160E-01  1.915760E+01  6.015992E-02  5.198627E-01  7.691547E-01  4.336185E+01  6.943943E+00  5.758174E-02  
143   2.779480E-01  1.375570E+01  6.397940E-01  1.138900E+01  6.015992E-02  5.198627E-01  6.733706E-01  4.336185E+01  6.943943E+00  1.191264E-01  
144   2.893760E-01  1.364640E+01  5.810590E-01  2.373560E+01  1.147574E-01  5.198627E-01  6.733706E-01  4.336185E+01  6.943943E+00  1.191264E-01  
145   2.902570E-01  1.363790E+01  5.814810E-01  2.369350E+01  1.147574E-01  5.000000E-01  6.733706E-01  4.336185E+01  6.943943E+00  1.191264E-01  
146   2.866320E-01  1.367270E+01  5.954920E-01  2.138870E+01  1.036041E-01  5.000000E-01  6.733706E-01  4.336185E+01  6.943943E+00  1.191264E-01  
147   2.677000E-01  1.385290E+01  5.745800E-01  2.363970E+01  1.147574E-01  5.000000E-01  6.733706E-01  4.336185E+01  5.679064E+00  1.191264E-01  
148   2.902480E-01  1.363800E+01  5.814780E-01  2.369350E+01  1.147574E-01  5.000000E-01  6.517901E-01  4.336185E+01  6.943943E+00  1.191264E-01  
149   2.898480E-01  1.364180E+01  5.817020E-01  2.368890E+01  1.147574E-01  5.000000E-01  6.733706E-01  4.299122E+01  6.943943E+00  1.191264E-01  
150   2.898600E-01  1.364170E+01  5.817170E-01  2.368890E+01  1.147574E-01  5.000000E-01  7.429795E-01  4.299122E+01  6.943943E+00  1.191264E-01  
151   2.898450E-01  1.364190E+01  5.816970E-01  2.368890E+01  1.147574E-01  5.000000E-01  6.521368E-01  4.299122E+01  6.943943E+00  1.191264E-01  
152   2.768740E-01  1.376590E+01  6.409960E-01  1.094480E+01  5.861910E-02  5.000000E-01  7.429795E-01  4.299122E+01  6.943943E+00  1.191264E-01  
153   2.878490E-01  1.366100E+01  5.180770E-01  1.941480E+01  5.861910E-02  5.000000E-01  7.429795E-01  4.299122E+01  6.943943E+00  5.441205E-02  
154   2.511840E-01  1.400830E+01  6.268870E-01  1.214980E+01  5.861910E-02  2.362639E+00  7.429795E-01  4.299122E+01  6.943943E+00  1.191264E-01  
155   2.562030E-01  1.396120E+01  6.339510E-01  1.100760E+01  5.861910E-02  5.000000E-01  7.429795E-01  4.299122E+01  8.052679E+00  1.191264E-01  
156   2.725250E-01  1.380720E+01  6.455370E-01  8.705460E+00  5.000000E-02  5.000000E-01  7.429795E-01  4.299122E+01  6.943943E+00  1.191264E-01  
157   2.817540E-01  1.371930E+01  6.431510E-01  9.475270E+00  5.000000E-02  5.000000E-01  7.429795E-01  4.299122E+01  6.943943E+00  1.106969E-01  
158   2.824560E-01  1.371260E+01  6.433490E-01  9.484390E+00  5.000000E-02  5.000000E-01  7.429795E-01  4.299122E+01  6.988878E+00  1.106969E-01  
159   2.824590E-01  1.371260E+01  6.433490E-01  9.484540E+00  5.000000E-02  5.000000E-01  7.226334E-01  4.299122E+01  6.988878E+00  1.106969E-01  
160   -2.346020E-01  1.798710E+01  4.567030E-01  8.145340E+00  5.000000E-02  5.000000E-01  7.226334E-01  1.722578E+01  6.988878E+00  1.106969E-01  
161   2.598580E-01  1.392690E+01  6.313340E-01  1.051430E+01  5.000000E-02  2.458295E+00  7.226334E-01  4.299122E+01  6.988878E+00  1.106969E-01  
162   2.824590E-01  1.371260E+01  6.433490E-01  9.484540E+00  5.000000E-02  5.000000E-01  7.226334E-01  4.299122E+01  6.988878E+00  1.106969E-01  
163   2.952940E-01  1.358940E+01  6.310200E-01  1.110030E+01  5.000000E-02  5.000000E-01  7.226334E-01  4.299122E+01  6.988878E+00  9.503831E-02  
164   2.938600E-01  1.360320E+01  5.886740E-01  2.013870E+01  8.707994E-02  5.000000E-01  7.226334E-01  4.299122E+01  6.988878E+00  9.503831E-02  
165   2.952940E-01  1.358940E+01  6.310200E-01  1.110030E+01  5.000000E-02  5.000000E-01  7.226334E-01  4.299122E+01  6.988878E+00  9.503831E-02  
166   2.934740E-01  1.360700E+01  6.233610E-01  1.117540E+01  5.000000E-02  5.000000E-01  7.226334E-01  4.913456E+01  6.988878E+00  9.503831E-02  
167   2.952900E-01  1.358950E+01  6.310240E-01  1.109980E+01  5.000000E-02  5.000000E-01  8.000000E-01  4.299122E+01  6.988878E+00  9.503831E-02  
168   2.952900E-01  1.358950E+01  6.310240E-01  1.109980E+01  5.000000E-02  5.000000E-01  8.000000E-01  4.299122E+01  6.988878E+00  9.503831E-02  
169   2.783510E-01  1.375180E+01  6.123250E-01  1.123580E+01  5.000000E-02  5.000000E-01  8.000000E-01  5.668448E+01  6.988878E+00  9.503831E-02  
170   2.749640E-01  1.378400E+01  6.236380E-01  1.098980E+01  5.000000E-02  5.000000E-01  8.000000E-01  4.299122E+01  5.691095E+00  9.503831E-02  
171   2.730170E-01  1.380250E+01  6.213350E-01  1.103080E+01  5.000000E-02  5.000000E-01  8.000000E-01  4.299122E+01  6.222456E+00  9.503831E-02  
172   2.809300E-01  1.372720E+01  6.439700E-01  9.342830E+00  5.000000E-02  5.000000E-01  8.000000E-01  4.299122E+01  6.988878E+00  1.121877E-01  
173   2.406460E-01  1.410650E+01  6.266090E-01  9.074680E+00  5.000000E-02  5.000000E-01  8.000000E-01  4.299122E+01  4.253318E+00  1.121877E-01  
174   2.700640E-01  1.383050E+01  6.317120E-01  9.469080E+00  5.000000E-02  5.000000E-01  8.000000E-01  5.891319E+01  6.988878E+00  1.121877E-01  
175   2.648530E-01  1.387980E+01  6.375950E-01  9.241430E+00  5.000000E-02  5.000000E-01  8.000000E-01  4.299122E+01  5.908451E+00  1.121877E-01  
176   2.809970E-01  1.372660E+01  6.439770E-01  9.344890E+00  5.000000E-02  5.000000E-01  5.378891E-01  4.299122E+01  6.988878E+00  1.121877E-01  
177   2.981790E-01  1.356160E+01  5.521180E-01  2.741680E+01  1.305978E-01  5.000000E-01  5.378891E-01  4.299122E+01  6.988878E+00  1.121877E-01  
178   2.982320E-01  1.356110E+01  5.528350E-01  2.739630E+01  1.305978E-01  5.000000E-01  5.378891E-01  4.299122E+01  7.504187E+00  1.121877E-01  
179   2.961390E-01  1.358130E+01  5.519840E-01  2.748230E+01  1.305978E-01  5.441953E-01  5.378891E-01  4.299122E+01  7.504187E+00  1.121877E-01  
180   2.406710E-01  1.410630E+01  5.487850E-01  2.722010E+01  1.305978E-01  5.000000E-01  5.378891E-01  3.236520E+01  7.504187E+00  1.121877E-01  
181   2.972020E-01  1.357100E+01  5.529710E-01  2.738670E+01  1.305978E-01  5.000000E-01  5.378891E-01  4.299122E+01  7.600167E+00  1.121877E-01  
182   2.736220E-01  1.379680E+01  6.417160E-01  9.344250E+00  5.000000E-02  5.000000E-01  5.378891E-01  4.299122E+01  7.600167E+00  1.121877E-01  
183   -8.014590E-02  1.682430E+01  4.644750E-01  2.627640E+01  1.305978E-01  5.000000E-01  5.378891E-01  1.815769E+01  7.600167E+00  1.121877E-01  
184   2.971630E-01  1.357140E+01  5.528780E-01  2.738680E+01  1.305978E-01  5.000000E-01  3.667608E-01  4.299122E+01  7.600167E+00  1.121877E-01  
185   -3.085780E-04  1.619060E+01  4.879320E-01  2.653500E+01  1.305978E-01  5.000000E-01  5.378891E-01  2.039302E+01  7.600167E+00  1.121877E-01  
186   2.971750E-01  1.357130E+01  5.529070E-01  2.738680E+01  1.305978E-01  5.000000E-01  4.175922E-01  4.299122E+01  7.600167E+00  1.121877E-01  
187   2.596280E-01  1.392910E+01  5.890780E-01  2.309990E+01  1.305978E-01  5.000000E-01  5.378891E-01  4.299122E+01  7.600167E+00  1.643250E-01  
188   2.814470E-01  1.372230E+01  6.278480E-01  1.430060E+01  6.965392E-02  5.000000E-01  5.378891E-01  4.299122E+01  7.600167E+00  1.121877E-01  
189   2.626530E-01  1.390060E+01  5.518980E-01  2.726570E+01  1.305978E-01  5.000000E-01  5.378891E-01  3.528306E+01  7.600167E+00  1.121877E-01  
190   2.804570E-01  1.373170E+01  5.461790E-01  2.740110E+01  1.305978E-01  5.000000E-01  5.378891E-01  4.299122E+01  6.440432E+00  1.121877E-01  
191   2.011550E-01  1.446870E+01  2.710580E-01  4.153320E+01  1.305978E-01  5.000000E-01  5.378891E-01  4.299122E+01  7.600167E+00  3.195501E-02  
192   2.971650E-01  1.357140E+01  5.528830E-01  2.738680E+01  1.305978E-01  5.000000E-01  3.760209E-01  4.299122E+01  7.600167E+00  1.121877E-01  
193   2.959570E-01  1.358300E+01  5.165980E-01  2.959900E+01  1.305978E-01  5.000000E-01  5.378891E-01  4.299122E+01  7.600167E+00  9.094365E-02  
194   2.970880E-01  1.357210E+01  5.527680E-01  2.738730E+01  1.305978E-01  5.000000E-01  2.936494E-01  4.299122E+01  7.600167E+00  1.121877E-01  
195   2.676130E-01  1.385370E+01  5.482740E-01  2.742340E+01  1.305978E-01  5.000000E-01  5.378891E-01  4.299122E+01  9.079224E+00  1.121877E-01  
196   2.768030E-01  1.376660E+01  4.470020E-01  3.298070E+01  1.305978E-01  5.000000E-01  5.378891E-01  4.299122E+01  7.600167E+00  6.545750E-02  
197   2.833680E-01  1.370390E+01  5.520190E-01  2.741150E+01  1.305978E-01  5.000000E-01  5.378891E-01  4.299122E+01  8.376799E+00  1.121877E-01  
198   2.723600E-01  1.380880E+01  5.456120E-01  2.778580E+01  1.305978E-01  1.006788E+00  5.378891E-01  4.299122E+01  7.600167E+00  1.121877E-01  
199   3.122040E-01  1.342540E+01  4.917660E-01  3.454720E+01  1.751152E-01  5.000000E-01  5.378891E-01  4.299122E+01  7.600167E+00  1.121877E-01  
200   3.122110E-01  1.342530E+01  4.917710E-01  3.454720E+01  1.751152E-01  5.000000E-01  5.756524E-01  4.299122E+01  7.600167E+00  1.121877E-01  
